1111100000011000001111111100111101110011011011011110111110100110110110111101010100110001101110010101
1100000100011000100010001010000011110110000011010011001001000100010000101100111110011110100100000110
0000110000010001000010101110010101111110101100100101011000010100111100010100001000111011111011100100
0011110000100000011010000110010110011000101111010001111011010010000011000010001101011100100100000011
1001101011100010001100010011001100001100010011010001101110011110100101110010101101011101000111111011
1000000011011101011010000101000010101111010010101001100011010111010110111011101111000101101100001000
1110001010100111111000011100100001101110001010111111111101100100001101111111111101011101101100010100
1001000000111001000000100100000000010101010010001100011010001111001000110000111110000110011101100000
0011111110110000100000001111111110100001110101000101111101101110000101110101000110001101001111011100
1011100011100000100010101101111010000111010100000110111010010011110000010010001101110101100010110100
0101110000100010101100011101000100001011101110111010001101100000111110100011110001011111101111100100
0110111011010101010000111110100000100000011111010010000001011111001101000101110010000010111100101011
1111101010000101001001011001111110010001011100101000110111111101001010001110101000010111011101101101
0011111111101000011011010100000011110111101110001111010011100110111000111101110001100010011101010111
1100100111100111000001001011110100011110001100011000010011011001001000011011001010110101000000100100
0111011001110010110001101100010101011111011100000111110111100010100010010001100010101110001011110111
1001001011001000110110010001111111100111111101100001110100010010000000110010110010110001100110111111
0110110010100110110010100001110010110011001101011000001011010101011110011111101001110000111000010001
1010000100100000100011010101111010100111010101011001011110011001010000111100101100100100000111111100
0110000101110110110110000001010110011101110001000101100000011111011010010001100001011100011010101001
1110110100010100110110101101111110110101110111011001101111011100010011000101100101001000010010011110
0000001100111010010001000101011010100010110010010111000001110101001100111110011001001010000010000100
1000000000001111101110010010011000111001110110011010100101101110100111101010001001100110111111011010
0010011110111010110100000101100101100000110101010111000111011011011110111101110011011111100101011011
1011011010010100101110011110010110000110110101110110100001110010010110101001011101011011011110011110
0000001001101101110010111111000000101011011110110111001110011000110101010000011010010000011011110010
0011100100101110100101111010001001011011101011110111001101001100011001011010101111011010011000001010
1111000011011110111111001000110010011111101011011101111111011010010011001111110001010111101100010100
1011001101100010010011110010001010111101110000011111000000110100110000110111101111011010010100000001
1100010010000110010111100101111000100000000110101000010110100100001100101001100001110110010101001100
0111100111101111101010100110100011101000110100111100000001111001001111011010101101001111110101000011
0101001001110100101001110111010111111100110111010010100101100110000010010101000101001010100001010010
0100111000110111101110111111110001110000010010101011000101111001110100100011101011111010110110101110
0010000100010110101111001110010010001011111011011000111010100010100101000100110000001101111111010100
0101111000100001000000111001110110000111101011000000110110101100010001001011011000111010011101100001
1100000001101001010111001001111100011010100111010011001010000011000000100011110101011000010011000011
0010010101101110111111100010001010011101011110111110100101111100001100101001101100100100111001100110
0110101101100110110010110001110110101000011100101001001100100001111110110001110101001111011100001110
1010100110000000111000100110000000001010011001101011010101001011101110011000100110111111001011100101
0111111101101111001110010000101101000100010001110110001101001110110100001010110010011000001111000101
1010111101111010111110100011000110101101011111011001110010000000101100010101001111101100011100010000
0000011011000000001111110001000001111101010110000011100001111110111101101001000000011100010011111100
1010011100111100001100101110100010011100011011110001000011111010010001010100110110010101101100101111
1001001001011010001001011001100000101000011000100010100000000001100101111110000001100101001011111011
0111011010100011111100100110100101110110111011111001010100000000011111100101000101100101011000110000
0011100011100011010110001011111100001111100110101011111100100011011110011111011010000010001111010100
1110110101100110011100001011001010000010100111001010010111000001000001111100000111100111111101001101
0111001001111101000110110001110010101000011100000010010110100100101100000011101001010000010101011001
1011111001100100100100001101010110100000111100011101110011010110100001001000011011011010010101011000
1011100010001111110110000111010111000110010101100111110111000010101001100001101110011001010101110011
1111111011110100101111011101110011111001001111110101110110000101111011100000001101100100100110001100
0000100111100000110101100100111110111101011110001001010011001100011000001110111010110000010001101010
1101000010111100110000100010000011101011111011101011000110001111101100000111100010011010110101101001
1010111110011001100111101110011100010100111000111001000000010101000001010010101010110000101000100011
0100111001110010011010001010001101001111001110111111101011000010100000111111001010010011111000110011
1101010101111111000011011101111000100000110110111000011011010101100110000110011000011111011000110111
0100001110010000010110010010000101001011011101110100101111111110001101010011011100010110010011110010
0010011101000110100110101011000110110100001010100001011000101011011100000001100001010011011101000010
1011011011010000000001011011111111000011011001010001110111101011011000100000101110111010101011010000
0101000001100011000111100010000110011110000111101011001111010111011011111111100100001010001111100010
0110111111011001011100010110110101101001111100011111010001001010111001011010000110100010110011011101
0111000110001000101011100111010000111110010101101111111000000111100011100101111111000001010111011100
1000011100000100111111111000111011010000101000100011001101000111100000101001101100011000001001000000
0100101100010100010100011110100000011011000101010101110101100010001000010010000101100100010100011110
1000101110011001101101010110001000111001011010110010110100100111000100010111100100001101011010110101
1000111000000001010011011101011111101110001101011100100010110110111000101011101110110000010111001100
0101001001100001010010100011101110000111100011110100110101101001111011001101110110110110000011110100
0100100000111010001100001110011100111001111101000011011100001100000001011100000011101111110010010110
1111000101011111011010000011010101001111011010011100010111011000111100110111000111001011111001011000
0111110100101110011100010011110000011110100111000000100010100011011010000111001001111110010100101000
0010010010000001000110010101101000110101000111001110111010111111000111001011111101011001111100001100
1001110110100101101010001000010100011110001101110100110101011000100100000111011000110010110000001001
1001011110110010010000010010011100111010011011000010101100011100101010011010100010010000111010101111
1010000110111100001110000000101000010101001011000101010011011110001001010110000011100110101000011010
1000010110011110111100101111000100011110010001001001111000010001111111001101100001111011001000000110
1110100110010001011100101000011011111101100010110001000110000111010010001010010101111100011000101100
0001111001101001111111011101010010011101001001101001100000000100000110100010110100110010111111110001
1000010110100100111011010011011011011101111101011101111000000000111000101111010100001101111111001010
1100001011010100000001010110011010110011000100011000001010111011100000011110010001001011001011100000
0101101000011101011001010000011011101101011010000000011111011000010111001000100011011000001001111111
0100111001000010011011010100110011111000000011101000000001001101001101101111100100100010011001000001
1111110011110000111010100101110100010100100100101000101111010100110101100111001110001101010100110100
1111000010110011010000011011110110100001001101110111101101010011010011111111011101110100110010010010
1111010001010001011011010000100010000101101111101000110010101111000111110001001000011100111011000001
1001100111010110011111010010011000101010100010101111010000101101110110111111011001110010011011110000
0010100101110110101011010101011001100101101100100011111111000100111111101101000100001101111111110111
0011101111001100101111111100010110000001010101110100011100001010111011101001010010010111011000001101
0001000110100101100011000110001011100110000001010000111110001011011101110101010100111101000001011011
0001101101101100000001111011001011110111001001101011101111111111001101111001000101111110101001010010
1010010011000110100011101101100111000100010110100100001000101111100000110011001010101110100110110111
0011111001001101001100110110110001011001110100110010000011011010100111010001010111100001000101110100
0011110000000000000001110000110011001001101101111001001100011101101011111111110100010010110111100000
1010111000111101011111001100011101100011011111011011100000110010111000101001011101010001110110000110
0000000010000110001000011100010111110101101010010001001111111000110010010100111001100110001000101110
0101100100101100010100100110110010111010010001110011000111100101111001101001111010111110000111111011
1010110011100100110000010111111101110100101001010110111101101011001101001011111011111001101100000101
0111101111001100011000010101001110101001010011000001000111111101001111000101010011010110100110101111
1111111000011011010110011101011110001100101101110011110001100000100101000011001000100101101101011110
0101010010010101110101111010101101111111100100011101111010011011101100010011110100000111001111100001
0010111001000111100100000011110111111101000110100001100111101100000010111111110000101011100100110100
